mesh_path=../
l_s=0.1524
n_in=1.6967383084574999e+19
u_in=2624.0
T_in=200.0
n_out=1.6967383084574999e+19
u_out=2624.0
T_out=200.0
nv=64
isImplicit=1
CFL=50.0
tol=1e-3
steps=600

boundary:
0 SYMMETRYZ
1 INLET 1.6967383084574999e+19 2624.0 0.0 0.0 200.0
3 WALL 500.0
4 SYMMETRYY
