mesh_path=../
l_s=1.114e-03
n_in=1.6095e+21
T_in=300.0
u_in=644.765841216794
n_out=3.6788571428571437e+21
u_out=282.0850555323474
T_out=623.4375
nv=64
isImplicit=1
CFL=50.0
steps=1000

boundary:
0 SYMMETRYZ
1 INLET 1.6095e+21 644.765841216794 0.0 0.0 300.0
2 OUTLET 3.6788571428571437e+21 282.0850555323474 0.0 0.0 623.4375
4 SYMMETRYY
