mesh_path=./
l_s=0.1524
n_in=1.6967383084574999e+19
u_in=2624.0
T_in=200.0
n_out=1.6967383084574999e+19
u_out=2624.0
T_out=200.0
nv=44
isImplicit=1
CFL=50.0
tol=1e-3
steps=100

boundary:
0 INLET 1.6967383084574999e+19 2624.0 0.0 0.0 200.0
1 WALL 500.0
2 SYMMETRYY
3 SYMMETRYZ
