mesh_path=./
Kn=0.564
n_in=2e+23
u_in=1710.96
T_in=200.0
n_out=7.46961e+23
u_out=458.112
T_out=2814.74
nv=44
isImplicit=1
CFL=50.0
steps=50

boundary:
0 SYMMETRYZ
1 INLET 2e+23 1710.96 0.0 0.0 200.0
2 OUTLET 7.46961e+23 458.112 0.0 0.0 2814.74
4 SYMMETRYY
