-9.875 0.5 0.5 1.0009062783856495 5.9252687789274905 1.3671277825677876e-12 -1.8963812506153432e-07 1.0655531884894622
-9.625 0.5 0.5 1.00124285312406 5.9233015544027312 2.7274714355286519e-13 -3.7577928612217005e-07 1.0776346619480863
-9.375 0.5 0.5 1.0016040815531158 5.9211920778210505 7.5587977448185594e-13 -3.242789543029136e-07 1.0906503724470544
-9.125 0.5 0.5 1.0019925286923852 5.9189262598782921 -3.4134307816422853e-12 -2.4426233871391992e-07 1.1046736453155779
-8.875 0.5 0.5 1.0024124859163539 5.916479759841164 -7.1799285845062016e-12 -2.3666659500635057e-07 1.1198450054988798
-8.625 0.5 0.5 1.0028671106878522 5.9138342110447129 -9.4460238860347558e-12 -2.2756287982787666e-07 1.1362746117662503
-8.375 0.5 0.5 1.0033618966047972 5.9109595123795673 1.5129149830837784e-13 2.6206858987039646e-09 1.1541262269049313
-8.125 0.5 0.5 1.0039005604932787 5.9078334372740287 -1.4709880100146652e-12 1.2635781811118311e-08 1.1735368226868876
-7.875 0.5 0.5 1.0044906097665227 5.9044154070490817 6.8854393772352725e-13 3.4667644439798818e-08 1.1947366570755411
-7.625 0.5 0.5 1.0051367560900111 5.9006772576733244 8.8604051022078833e-14 1.1378047443184138e-08 1.2178947111394687
-7.375 0.5 0.5 1.0058488151120322 5.8965661854992293 -7.3053556500616682e-13 2.409758724561941e-08 1.2433092025095644
-7.125 0.5 0.5 1.0066330537143195 5.8920452420379563 -2.0902122227145365e-13 7.0079280263497271e-08 1.2711991871183284
-6.875 0.5 0.5 1.0075028888854649 5.88704279988898 -3.2998936097888805e-12 1.2290296361621835e-07 1.3019754219870485
-6.625 0.5 0.5 1.0084666871510064 5.8815108433989991 -1.2269850877911308e-12 1.260633244076504e-07 1.3359090976833521
-6.375 0.5 0.5 1.0095425327553165 5.8753531814660427 5.1951344109251723e-13 1.3178216250371399e-07 1.3735390696018897
-6.125 0.5 0.5 1.0107427412507763 5.8684992999121883 -3.9726036629119791e-12 1.3107942899032471e-07 1.4152769264726206
-5.875 0.5 0.5 1.0120925380241264 5.8608179299379151 -4.8769679937480724e-12 1.3194574293197267e-07 1.4618411298087808
-5.625 0.5 0.5 1.013610310607598 5.8522052329158232 3.4100077486860301e-11 1.1788577777749396e-07 1.5138343119306958
-5.375 0.5 0.5 1.0153321078209598 5.8424762585103096 3.0119621153390469e-11 1.9819696880807248e-07 1.5722422532227212
-5.125 0.5 0.5 1.0172859925298328 5.8314768906048426 2.3137788282638539e-11 1.2372485862548861e-07 1.6379326601990651
-4.875 0.5 0.5 1.0195262348963046 5.8189316544744853 7.8090539840969198e-13 1.2192427645731777e-07 1.7123646077337948
-4.625 0.5 0.5 1.0220979886854957 5.8046002718277245 6.3188591619007797e-13 1.0437476935517112e-07 1.7968451548390498
-4.375 0.5 0.5 1.0250863325305308 5.7880594637897342 -1.4333933288237009e-12 8.4603535543975188e-08 1.8935608312692569
-4.125 0.5 0.5 1.0285693875393795 5.7689066300605472 -3.7247645775013726e-12 2.1213649829056753e-07 2.0046467782457404
-3.875 0.5 0.5 1.0326892939161962 5.7464536836578297 2.5120247622165452e-12 8.972401218853542e-08 2.1334851654491627
-3.625 0.5 0.5 1.0375912641122134 5.7199839145117046 -2.8233784699929049e-12 -1.7858071449665264e-08 2.2836855973181582
-3.375 0.5 0.5 1.0435425710641151 5.6882384481244754 2.8466243072736135e-12 7.6354354283368146e-08 2.4612381182297582
-3.125 0.5 0.5 1.0508493751596644 5.6497858078332488 -6.5704168307885015e-13 -1.5491583966127241e-09 2.6728607704255083
-2.875 0.5 0.5 1.0600908113319478 5.6020165939310482 -1.7372112249211861e-12 -1.5744846456235768e-08 2.9302448380739343
-2.625 0.5 0.5 1.0720122839671655 5.5416840040406425 1.0556993526931545e-11 2.4057989740877722e-08 3.2475084859976757
-2.375 0.5 0.5 1.0880256586242181 5.4629162435090279 2.4351996379308392e-13 -6.3533811936466307e-08 3.6492991765422431
-2.125 0.5 0.5 1.109898245597027 5.3590878562097277 -3.8662034619224379e-12 -8.7306512492637001e-08 4.1626186345092222
-1.875 0.5 0.5 1.1402520748455935 5.2217072337221344 -1.3834025467800606e-11 -7.7116084684395674e-08 4.8217064400512575
-1.625 0.5 0.5 1.18073988543613 5.0491658942862312 -5.780769034866177e-13 -3.955407772978034e-08 5.6327781382750395
-1.375 0.5 0.5 1.2328006365037245 4.8437019544596955 -1.6164048191565964e-12 8.4153497543055615e-08 6.5834859117401443
-1.125 0.5 0.5 1.2975617563441366 4.6108055452445234 1.805616288364827e-12 -1.9668779755496311e-08 7.6341921823472791
-0.875 0.5 0.5 1.3807500995415551 4.3439194437882414 -4.4671994748348352e-12 -2.7024838237699825e-08 8.7661769108844236
-0.625 0.5 0.5 1.4913161869120719 4.0351035998878979 1.8437183833186133e-12 -4.1744992853924492e-08 9.9366349354534478
-0.375 0.5 0.5 1.6439418111935873 3.6762603818721478 -2.2078424871334482e-12 -4.3895883312715105e-08 11.084073914875029
-0.125 0.5 0.5 1.8479098494498885 3.2857185972951339 9.6550633605256929e-12 -3.2454721627456665e-08 12.089437525158317
0.125 0.5 0.5 2.1026830096912041 2.8987019399201599 7.5848994689709146e-12 -2.5877205673301831e-08 12.860373671062442
0.375 0.5 0.5 2.3847690889299513 2.5595560048860433 -2.6475208964776647e-12 -2.0935666896096453e-08 13.373489548786599
0.625 0.5 0.5 2.665631008655811 2.2872382919095133 1.4371227558243106e-12 -1.4693182036187284e-08 13.683354129336008
0.875 0.5 0.5 2.9167688945180283 2.0836750768483072 1.375878041472975e-11 -9.6035300224422953e-09 13.859862549463427
1.125 0.5 0.5 3.1265975771489121 1.9360633424324523 -7.9926412901685393e-12 -1.1939298855351832e-08 13.957572336111676
1.375 0.5 0.5 3.2910114151455203 1.8319828289779203 -5.6238651340929266e-12 -4.129479002645124e-09 14.011084121011667
1.625 0.5 0.5 3.416038384245851 1.7588006520474158 -5.142658049066193e-13 2.3781296513373759e-09 14.039573231234781
1.875 0.5 0.5 3.507832522995856 1.7079709684726796 9.0941600521994039e-12 -7.6002156362937946e-09 14.054402576038026
2.125 0.5 0.5 3.5746683945832118 1.6724419653556051 3.8932381970166138e-12 -1.939906544818775e-10 14.06136489831524
2.375 0.5 0.5 3.6223648431138442 1.6477908047592709 4.6224513758276762e-11 1.7341032394041638e-09 14.064174483623493
2.625 0.5 0.5 3.6564839574869206 1.6305278087568607 -2.330423948738559e-11 -3.5640837236049863e-09 14.064595364043045
2.875 0.5 0.5 3.6805781906544137 1.6185097797354717 1.3570260498026554e-11 -2.3424213347528261e-09 14.063915232175329
3.125 0.5 0.5 3.6977205196589242 1.6100574055813106 4.99574308660783e-11 2.4658236554103427e-09 14.062655761957831
3.375 0.5 0.5 3.7098001026971876 1.6041455750074241 -3.967260726480204e-12 -1.2299236791547706e-09 14.061248687897702
3.625 0.5 0.5 3.7183978600038832 1.5999662695092074 9.5924127294385968e-11 2.4461613985828487e-09 14.059832577391477
3.875 0.5 0.5 3.7244674353124561 1.5970277954870526 2.0013870217767095e-11 3.4890701016545633e-09 14.058545697595964
4.125 0.5 0.5 3.7288013041702612 1.5949392847691368 4.1989162884019594e-11 5.9444478977131929e-09 14.057394929781481
4.375 0.5 0.5 3.7318719581235493 1.5934632020746453 1.9543738618523783e-11 6.7626973625087247e-09 14.056419533048231
4.625 0.5 0.5 3.7340748244021706 1.5924080816911863 5.238980126391394e-11 2.82184404108881e-09 14.055588224820395
4.875 0.5 0.5 3.7356425557132367 1.5916583815579386 1.13485294797523e-11 -2.6436865844569089e-10 14.054902906806369
5.125 0.5 0.5 3.7367737718775378 1.5911193160195753 3.8531764975054025e-12 3.9858046178842494e-09 14.054332327360056
5.375 0.5 0.5 3.7375827035349096 1.590734388584484 3.5403293109569239e-11 -1.7901320932481696e-09 14.053873117056565
5.625 0.5 0.5 3.7381703524207377 1.5904558264457778 1.7699413242850852e-11 -5.1155878997261363e-10 14.053496471003413
5.875 0.5 0.5 3.7385923859963985 1.5902560441105542 1.1139956121941022e-10 -6.8207784152297674e-09 14.053195086742974
6.125 0.5 0.5 3.738901550987781 1.590110436013088 4.5951524086713796e-10 -1.1467362365191567e-09 14.052947557520161
6.375 0.5 0.5 3.7391245053003952 1.5900055945526357 -3.3705647943712338e-11 -4.2204028544533569e-09 14.052750994689413
6.625 0.5 0.5 3.7392897120839468 1.589928379610736 -8.6558855759301158e-12 -3.6011490464443085e-09 14.052589889967756
6.875 0.5 0.5 3.7394092125411449 1.589872532393201 -1.0279086564555863e-11 -2.2377728452996296e-09 14.052464585777521
7.125 0.5 0.5 3.7394989718720257 1.5898309970073874 -4.3305815262579236e-11 -2.5389967906611973e-09 14.052361621926
7.375 0.5 0.5 3.7395636230917733 1.5898010707092918 -1.0015351232902065e-10 -6.7841720982124528e-09 14.052280979973997
7.625 0.5 0.5 3.7396131008484952 1.5897789666788469 -3.1359304266573856e-11 -6.327701104844104e-09 14.052217405677284
7.875 0.5 0.5 3.7396484338956126 1.5897628710090337 -5.9374172108841887e-11 -6.7311325628589644e-09 14.052166627353419
8.125 0.5 0.5 3.7396763412209189 1.5897504957791035 -4.1835447756356772e-11 -6.2829682161934896e-09 14.052123303433138
8.375 0.5 0.5 3.7396958271709657 1.5897418770579292 2.191850153215867e-11 -7.6051209246930368e-09 14.052090240136762
8.625 0.5 0.5 3.7397119162627592 1.5897350748688603 2.5620804732892062e-10 -6.0317543615735092e-09 14.052061488025778
8.875 0.5 0.5 3.7397226057156225 1.5897305913904367 -1.110665469059328e-10 -9.3700135008337384e-09 14.05204003595769
9.125 0.5 0.5 3.7397320128555278 1.5897269380591248 -6.2175356582919946e-10 -8.3621819930837733e-09 14.052020674033942
9.375 0.5 0.5 3.739737574058362 1.5897247545818565 -3.4582416394821957e-11 -4.2455993267210863e-09 14.052006452619993
9.625 0.5 0.5 3.7397429697421738 1.589723437923255 2.231961717340536e-10 -2.2084033438496993e-09 14.051998633250729
9.875 0.5 0.5 3.7397458826332355 1.5897227061854782 1.5580808258659334e-10 -9.6925887001374583e-10 14.051989139984203
